00000011100000000000000000001100
00000000001000001100001000001111
00000011100000000100000000000001
00000000001000001100001010001110
00000011101000001000000100001110
00000000001000001100001100001101
00000011101000001100000100000001
00000100100000000100000000000001
00000100100000000100000010000001
00000100100000000100000100000001
00000100100000000100000110000001
00000000000110000100001000001101
00000000000110000100001010001110
00000000000110000100001100001111
00000000000110000100001110010000
00000000000010000100110010000011
00000000000010000100110100000000
00000011100001100100110010000001
00000011100001101000110100000001
00000000000100001000110010000010
00011010011000001000000000000001
01111000100000010100000110000100
01111000100000100000001100000111
01111000100000101100010010001010
01111000100001000100110010011010
01111000100000100000001100000111
01111000100000101100010010001010
01111000100000111000101100010111
00000011100000000000000000001100
00000000001000001100001000001111
00000011100000000100000000000001
00000000001000001100001010001110
00000011101000001000000100001110
00000000001000001100001100001101
00000011101000001100000100000001
00000100100000000100000000000001
00000100100000000100000010000001
00000100100000000100000100000001
00000100100000000100000110000001
00000000000110000100001000001101
00000000000110000100001010001110
00000000000110000100001100001111
00000000000110000100001110010000
00000000000010000100110010000011
00000000000010000100110100000000
00000011100001100100110010000001
00000011100001101000110100000001
00000000000100001000110010000010
00011010011000001000000000000001
01111000100000010100000110000100
01111000100000100000001100000111
01111000100000101100010010001010
01111000100001000100110010011010
01111000100000100000001100000111
01111000100000101100010010001010
01111000100000111000101100010111
00000011100000000000000000000101
00000000001000001100001000001100
00000011100000000100000000000010
00000000001000001100001010001011
00000011101000001000000100001010
00000000001000001100001100001010
00000011101000001100000100000011
00000100100000000100000000000001
00000100100000000100000010000001
00000100100000000100000100000001
00000100100000000100000110000001
00000000000110000100001000001011
00000000000110000100001010001100
00000000000110000100001100001101
00000000000110000100001110001110
00000000000010000100110010000101
00000000000010000100110100000000
00000011100001100100110010000001
00000011100001101000110100000001
00000000000100001000110010000010
00011010011000001000000000000001
01111000100000010100000110000100
01111000100000100000001100000111
01111000100000101100010010001010
01111000100001000100110010011010
01111000100000100000001100000111
01111000100000101100010010001010
01111000100000111000101100010111
00000011100000000000000000001100
00000000001000001100001000001111
00000011100000000100000000000001
00000000001000001100001010001110
00000011101000001000000100001110
00000000001000001100001100001101
00000011101000001100000100000001
00000100100000000100000000000001
00000100100000000100000010000001
00000100100000000100000100000001
00000100100000000100000110000001
00000000000110000100001000001101
00000000000110000100001010001110
00000000000110000100001100001111
00000000000110000100001110010000
00000000000010000100110010000011
00000000000010000100110100000000
00000011100001100100110010000001
00000011100001101000110100000001
00000000000100001000110010000010
00011010011000001000000000000001
01111000100000010100000110000100
01111000100000100000001100000111
01111000100000101100010010001010
01111000100001000100110010011010
01111000100000100000001100000111
01111000100000101100010010001010
01111000100000111000101100010111
00000011100000000000000000001100
00000000001000001100001000001111
00000011100000000100000000000001
00000000001000001100001010001110
00000011101000001000000100001110
00000000001000001100001100001101
00000011101000001100000100000001
00000100100000000100000000000001
00000100100000000100000010000001
00000100100000000100000100000001
00000100100000000100000110000001
00000000000110000100001000001101
00000000000110000100001010001110
00000000000110000100001100001111
00000000000110000100001110010000
00000000000010000100110010000011
00000000000010000100110100000000
00000011100001100100110010000001
00000011100001101000110100000001
00000000000100001000110010000010
00011010011000001000000000000001
01111000100000010100000110000100
01111000100000100000001100000111
01111000100000101100010010001010
01111000100001000100110010011010
01111000100000100000001100000111
01111000100000101100010010001010
01111000100000111000101100010111
00000011100000000000000000000101
00000000001000001100001000001100
00000011100000000100000000000010
00000000001000001100001010001011
00000011101000001000000100001010
00000000001000001100001100001010
00000011101000001100000100000011
00000100100000000100000000000001
00000100100000000100000010000001
00000100100000000100000100000001
00000100100000000100000110000001
00000000000110000100001000001011
00000000000110000100001010001100
00000000000110000100001100001101
00000000000110000100001110001110
00000000000010000100110010000101
00000000000010000100110100000000
00000011100001100100110010000001
00000011100001101000110100000001
00000000000100001000110010000010
00011010011000001000000000000001
01111000100000010100000110000100
01111000100000100000001100000111
01111000100000101100010010001010
01111000100001000100110010011010
01111000100000100000001100000111
01111000100000101100010010001010
01111000100000111000101100010111
